4361271007944087|11|2025
4361271007944822|11|2025
4361271007941752|11|2025
4361271007948534|11|2031
4361271007943246|11|2031
4361271007941851|11|2031
4361271007942222|11|2031
4361271007945480|11|2031
4361271007943311|11|2031
4361271007947510|11|2031
4361271007941562|11|2031
4361271007946678|11|2031
4361271007948377|11|2031
4361271007945357|11|2031
4361271007945860|11|2031
4361271007945282|11|2031
4361271007940051|11|2031
4361271007940085|11|2031
4361271007948328|11|2031
4361271007948062|11|2031
4361271007943667|11|2031
4361271007941208|11|2031
4361271007944566|11|2031
4361271007940218|11|2031
4361271007945530|11|2031
4361271007944863|11|2031
4361271007945175|11|2031
4361271007942354|11|2031
4361271007946256|11|2031
4361271007946868|11|2031
4361271007942180|11|2031
4361271007943337|11|2031
4361271007944426|11|2031
4361271007943378|11|2031
4361271007942404|11|2031
4361271007941463|11|2031
4361271007942263|11|2031
4361271007943105|11|2031
4361271007948153|11|2031
4361271007941117|11|2031
4361271007947478|11|2031
4361271007947031|11|2031
4361271007948336|11|2031
4361271007944202|11|2031
4361271007942032|11|2031
4361271007944657|11|2031
4361271007940804|11|2031
4361271007944285|11|2031
4361271007944327|11|2031
4361271007948245|11|2031
4361271007941034|11|2031
4361271007942701|11|2031
4361271007941067|11|2031
4361271007944186|11|2031
4361271007942628|11|2031
4361271007945621|11|2031
4361271007942008|11|2031
4361271007945027|11|2031
4361271007941521|11|2031
4361271007940432|11|2031
4361271007943527|11|2031
4361271007948674|11|2031
4361271007944582|11|2031
4361271007945522|11|2031
4361271007945456|11|2031
4361271007947056|11|2031
4361271007947726|11|2031
4361271007944400|11|2031
4361271007948815|11|2031
4361271007944467|11|2031
4361271007944228|11|2031
4361271007944046|11|2031
4361271007945514|11|2031
4361271007943832|11|2031
4361271007945472|11|2031
4361271007941174|11|2031
4361271007946801|11|2031
4361271007943683|11|2031
4361271007942255|11|2031
4361271007946371|11|2031
4361271007946611|11|2031
4361271007947817|11|2031
4361271007946363|11|2031
4361271007944715|11|2031
4361271007940481|11|2031
4361271007944624|11|2031
4361271007948138|11|2031
4361271007943741|11|2031
4361271007942362|11|2031
4361271007946744|11|2031
4361271007943253|11|2031
4361271007944178|11|2031
4361271007944061|11|2031